10,264
10,123
10,93
10,224
10,95
10,83
11,20
11,27
8,8
8,11
12,2
12,3
12,1
11,28
11,25
11,24
11,23
11,22
11,21
11,19
11,18
11,17
11,16
11,15
11,14
11,13
11,12
11,11
11,10
11,9
11,8
11,7
11,6
11,5
11,4
11,3
11,2
11,1
10,292
10,284
10,283
10,282
10,279
20,2
20,1
10,273
20,3
10,265
19,2
19,1
10,262
10,260
19,3
10,257
10,252
10,247
10,244
10,241
10,236
10,232
10,231
10,228
10,227
10,223
10,222
10,219
10,216
10,212
10,210
10,200
10,199
10,195
10,192
10,178
10,176
10,156
10,153
10,135
10,134
10,129
10,120
10,117
10,115
10,114
10,113
10,103
10,97
10,87
18,1
10,86
10,84
18,3
14,1
10,78
10,71
14,3
10,70
13,1
13,3
10,64
10,24
10,10
10,6
10,3
10,2
10,1
9,7
9,6
9,5
9,4
9,3
